0.306
8
3.11912 -687.166 -2468.9 1752.79 -1043.64 -10.5657 9.15961 -17.5014 
-0.957159 396.345 1423.63 -1010.4 601.655 7.26354 -6.52923 12.3851 
0.013651 -194.011 -696.761 494.681 -294.543 -2.13493 2.07794 -3.94933 
1.26311 -588.018 -2112.76 1501.17 -893.692 -8.80318 7.40812 -14.2048 
-0.788993 484.271 1740.32 -1235.92 735.836 6.38128 -5.98247 11.4346 
-1.4474 204.005 732.668 -520.198 309.73 3.68845 -2.26253 4.39494 
-2.68619 543.081 1951.4 -1385.82 825.094 7.67811 -6.49953 12.5563 
0.566069 39.652 142.493 -101.122 60.2137 0.605342 -0.597274 1 

